
1
10
100
102
103
104
105
106
1067
1068
107
1070
1072
1073
1074
1076
1078
108
1085
1086
109
1090
1096
11
110
1102
1103
1104
111
1125
1126
1127
1128
1129
1130
1132
1135
1136
1137
1138
1139
114
1141
1142
1143
1144
1145
1146
1147
1148
1149
115
1150
1153
1154
1155
1157
1158
116
1160
1161
1162
1163
1165
1166
1169
117
1170
1171
1173
1174
1175
1176
1177
1178
1179
118
1180
1181
1182
1183
1184
1185
1186
1187
1188
1189
119
1190
1191
1192
1193
1194
1195
1196
1197
1198
1199
12
120
1200
1201
1202
1203
1204
1205
1206
1207
1208
1209
121
1210
1211
1212
1213
1214
1215
1216
1217
1218
1219
1220
1221
1222
1223
1224
1225
1226
1227
1228
1229
123
1230
1231
1232
1233
1234
1235
1236
1239
1242
1245
1250
1251
1254
1255
1256
1257
1258
1259
126
1260
1261
1262
1265
1266
1267
1268
1269
127
1270
1271
1272
1274
1275
1276
128
1280
1281
1282
1283
1285
1286
1287
1288
129
1290
1293
1294
1295
1296
1297
1298
1299
13
130
1300
1301
1302
1303
1304
1305
1307
1309
131
1310
1312
1314
1315
1316
1317
1318
1319
132
1320
1321
1323
1324
1325
1326
1327
1328
1329
133
1331
1333
1335
1339
134
1340
1341
1342
1343
1345
1348
135
1350
1352
1353
1355
1358
1359
136
1363
1364
1365
1366
1368
137
1373
1375
1378
138
1380
1382
1384
1386
1388
1389
139
1390
1391
1393
1394
1399
14
140
1400
1401
1403
1404
1405
1406
1408
141
1412
1415
1421
1422
1425
143
1431
1432
1433
1437
1438
1439
1440
1441
1442
1443
1444
1445
1446
1447
1448
1449
145
1450
1451
1453
146
1460
1465
1467
147
1470
1474
149
15
150
151
152
153
154
155
156
157
158
159
163
164
166
168
169
170
171
173
175
176
177
179
183
184
186
188
190
191
192
193
194
195
196
197
198
2
20
200
201
202
203
204
205
209
211
212
213
214
215
216
217
218
219
221
222
223
224
226
227
228
230
231
232
233
234
235
236
237
239
240
245
247
249
250
251
252
253
254
255
256
257
258
259
260
261
262
263
264
265
266
267
268
269
270
271
272
273
274
275
276
278
279
28
280
281
282
283
284
285
286
287
288
290
291
292
293
294
295
296
297
299
3
300
301
302
303
304
305
307
308
309
31
314
315
320
321
324
33
335
338
340
343
344
349
350
353
354
359
36
360
363
37
372
374
375
376
378
38
39
40
41
42
44
45
456
457
459
46
462
463
464
465
467
468
469
47
470
473
474
476
478
479
48
482
485
486
487
488
489
491
492
494
495
496
498
50
502
503
504
505
506
51
52
523
53
535
536
537
538
539
54
542
543
544
55
552
553
554
555
557
558
559
56
560
561
562
563
564
565
566
568
57
570
575
580
581
582
588
59
590
592
595
597
598
6
604
606
609
610
611
614
615
616
617
618
619
620
623
624
626
627
628
629
63
630
632
633
634
635
636
638
64
640
641
642
643
645
646
647
648
649
652
655
656
67
68
680
682
683
685
686
687
688
69
692
693
694
696
697
698
699
7
700
701
702
704
705
706
707
708
709
710
711
712
714
716
73
731
732
733
735
738
743
749
751
753
754
755
756
757
758
759
76
760
761
762
765
766
767
768
769
770
772
773
774
775
776
777
778
779
78
781
782
783
784
785
786
787
788
789
790
791
792
793
794
795
796
797
798
799
800
801
802
803
805
806
807
808
809
810
811
812
813
814
815
816
817
818
819
821
822
823
824
825
826
827
828
829
830
831
832
833
834
835
836
837
838
840
841
845
847
848
853
862
863
864
865
866
867
868
869
870
871
873
878
879
88
880
881
882
883
884
885
886
887
888
889
89
890
891
893
896
898
90
900
901
903
906
907
909
925
930
931
932
935
936
938
939
947
95
951
955
958
959
96
960
961
963
965
966
97
970
974
98
989
99
993
994
998
999
funding_agency_id
